692,826 -&gt; 692,915
914,338 -&gt; 524,728
77,505 -&gt; 77,912
31,484 -&gt; 250,703
29,241 -&gt; 313,241
381,70 -&gt; 381,121
699,595 -&gt; 641,595
69,989 -&gt; 517,989
99,755 -&gt; 99,687
205,77 -&gt; 844,77
754,705 -&gt; 754,720
739,884 -&gt; 739,737
504,463 -&gt; 854,113
85,386 -&gt; 416,717
39,456 -&gt; 449,46
900,469 -&gt; 900,462
137,680 -&gt; 137,713
797,792 -&gt; 264,792
814,750 -&gt; 86,22
252,644 -&gt; 491,644
932,162 -&gt; 932,615
42,71 -&gt; 464,71
924,685 -&gt; 755,685
729,610 -&gt; 729,391
921,369 -&gt; 921,649
833,241 -&gt; 101,241
822,459 -&gt; 507,459
739,74 -&gt; 807,142
573,850 -&gt; 573,619
888,60 -&gt; 888,592
133,272 -&gt; 339,66
882,662 -&gt; 665,662
572,499 -&gt; 959,112
631,173 -&gt; 404,173
886,730 -&gt; 470,730
116,435 -&gt; 980,435
795,299 -&gt; 886,390
321,464 -&gt; 321,785
210,477 -&gt; 210,880
215,191 -&gt; 59,347
921,749 -&gt; 363,191
598,962 -&gt; 924,636
105,70 -&gt; 105,411
617,221 -&gt; 617,958
383,403 -&gt; 383,208
763,129 -&gt; 118,129
236,185 -&gt; 236,57
608,592 -&gt; 950,250
872,54 -&gt; 761,54
542,49 -&gt; 542,195
943,104 -&gt; 59,988
800,709 -&gt; 800,416
432,628 -&gt; 947,113
396,169 -&gt; 61,169
982,694 -&gt; 611,323
500,381 -&gt; 803,381
843,803 -&gt; 101,61
529,76 -&gt; 960,76
315,277 -&gt; 315,82
396,916 -&gt; 181,916
902,683 -&gt; 902,713
762,40 -&gt; 441,40
276,488 -&gt; 219,488
584,803 -&gt; 637,803
728,523 -&gt; 728,230
794,60 -&gt; 794,658
866,35 -&gt; 866,142
552,689 -&gt; 552,734
944,681 -&gt; 944,606
203,187 -&gt; 860,844
86,938 -&gt; 957,67
789,703 -&gt; 591,703
230,180 -&gt; 230,458
306,404 -&gt; 975,404
227,892 -&gt; 935,184
220,102 -&gt; 226,102
582,546 -&gt; 645,546
565,466 -&gt; 565,229
676,18 -&gt; 123,571
422,815 -&gt; 422,280
10,819 -&gt; 10,395
307,137 -&gt; 307,550
100,137 -&gt; 903,940
769,399 -&gt; 769,443
739,278 -&gt; 201,816
980,916 -&gt; 464,400
739,191 -&gt; 222,191
467,360 -&gt; 467,435
710,381 -&gt; 126,965
106,483 -&gt; 865,483
109,596 -&gt; 388,596
382,953 -&gt; 180,751
598,119 -&gt; 189,528
205,981 -&gt; 205,240
30,207 -&gt; 742,919
422,672 -&gt; 151,672
800,411 -&gt; 800,490
619,174 -&gt; 619,86
335,629 -&gt; 335,325
143,301 -&gt; 143,971
900,949 -&gt; 900,838
625,201 -&gt; 625,719
497,366 -&gt; 497,200
252,67 -&gt; 801,616
176,55 -&gt; 160,39
292,164 -&gt; 292,275
377,940 -&gt; 320,883
984,985 -&gt; 568,985
714,881 -&gt; 714,71
360,728 -&gt; 175,728
513,318 -&gt; 160,671
192,726 -&gt; 825,726
771,225 -&gt; 771,541
693,424 -&gt; 693,924
873,523 -&gt; 603,523
205,525 -&gt; 205,271
47,368 -&gt; 253,368
631,381 -&gt; 631,594
461,594 -&gt; 461,807
51,220 -&gt; 689,858
462,63 -&gt; 462,175
193,943 -&gt; 418,943
478,896 -&gt; 650,896
160,527 -&gt; 223,527
14,383 -&gt; 812,383
410,830 -&gt; 410,43
121,195 -&gt; 121,211
274,284 -&gt; 868,284
828,665 -&gt; 828,559
478,373 -&gt; 478,500
965,954 -&gt; 73,62
370,867 -&gt; 25,867
128,148 -&gt; 128,566
135,843 -&gt; 919,59
241,655 -&gt; 400,814
133,270 -&gt; 958,270
582,470 -&gt; 582,318
545,624 -&gt; 545,524
80,695 -&gt; 80,306
184,926 -&gt; 659,451
124,133 -&gt; 389,133
395,829 -&gt; 605,829
747,955 -&gt; 237,445
697,62 -&gt; 439,62
741,420 -&gt; 741,215
907,848 -&gt; 75,848
300,846 -&gt; 333,813
278,458 -&gt; 625,805
466,718 -&gt; 466,400
408,974 -&gt; 408,632
671,326 -&gt; 340,326
646,615 -&gt; 503,615
922,717 -&gt; 922,392
302,195 -&gt; 380,195
951,55 -&gt; 28,978
272,196 -&gt; 74,196
978,197 -&gt; 978,538
836,737 -&gt; 883,737
78,449 -&gt; 30,449
489,799 -&gt; 489,906
51,332 -&gt; 51,965
295,173 -&gt; 305,173
858,928 -&gt; 257,327
291,935 -&gt; 657,569
664,430 -&gt; 284,430
731,831 -&gt; 731,939
36,295 -&gt; 36,311
693,696 -&gt; 693,924
948,133 -&gt; 311,770
881,34 -&gt; 702,34
584,414 -&gt; 584,451
52,470 -&gt; 646,470
266,194 -&gt; 527,194
758,207 -&gt; 758,196
859,440 -&gt; 540,440
752,307 -&gt; 752,190
502,140 -&gt; 502,798
391,472 -&gt; 391,301
150,414 -&gt; 835,414
234,842 -&gt; 961,115
757,774 -&gt; 935,952
402,342 -&gt; 667,342
141,72 -&gt; 433,72
154,779 -&gt; 590,779
637,166 -&gt; 311,492
387,330 -&gt; 387,15
23,110 -&gt; 95,110
667,651 -&gt; 607,651
883,318 -&gt; 733,318
449,149 -&gt; 535,149
679,147 -&gt; 522,304
472,99 -&gt; 965,592
386,911 -&gt; 148,673
540,720 -&gt; 194,720
97,37 -&gt; 236,37
319,66 -&gt; 319,94
385,343 -&gt; 385,601
180,799 -&gt; 782,197
69,727 -&gt; 69,686
117,290 -&gt; 723,896
590,944 -&gt; 736,798
174,860 -&gt; 861,173
510,791 -&gt; 488,791
837,261 -&gt; 837,731
373,388 -&gt; 373,471
810,844 -&gt; 810,159
960,610 -&gt; 610,960
786,264 -&gt; 786,539
817,698 -&gt; 572,453
388,113 -&gt; 360,85
982,912 -&gt; 982,720
716,155 -&gt; 177,694
648,727 -&gt; 931,727
764,850 -&gt; 539,850
942,453 -&gt; 942,620
47,746 -&gt; 47,338
626,498 -&gt; 76,498
341,420 -&gt; 524,237
420,235 -&gt; 732,547
598,452 -&gt; 598,981
980,450 -&gt; 980,103
526,652 -&gt; 526,807
63,666 -&gt; 512,217
137,452 -&gt; 43,452
694,752 -&gt; 252,752
652,346 -&gt; 524,346
458,316 -&gt; 640,316
597,503 -&gt; 331,503
983,49 -&gt; 79,953
358,847 -&gt; 492,981
34,176 -&gt; 34,269
169,482 -&gt; 617,930
454,989 -&gt; 454,436
572,292 -&gt; 572,615
623,204 -&gt; 125,702
960,332 -&gt; 738,332
973,42 -&gt; 25,42
349,974 -&gt; 349,328
742,248 -&gt; 111,248
784,766 -&gt; 784,727
44,56 -&gt; 973,985
651,740 -&gt; 541,740
333,344 -&gt; 834,845
769,256 -&gt; 769,234
59,940 -&gt; 832,167
414,500 -&gt; 614,700
369,969 -&gt; 347,969
18,983 -&gt; 983,18
401,927 -&gt; 579,749
752,102 -&gt; 922,102
168,834 -&gt; 442,560
78,213 -&gt; 699,834
463,536 -&gt; 463,222
819,393 -&gt; 377,835
748,776 -&gt; 122,776
668,127 -&gt; 379,416
10,477 -&gt; 477,10
271,474 -&gt; 846,474
26,245 -&gt; 26,720
916,184 -&gt; 535,184
20,947 -&gt; 857,110
185,506 -&gt; 185,887
676,583 -&gt; 676,779
453,650 -&gt; 312,650
975,218 -&gt; 538,655
21,856 -&gt; 803,74
807,284 -&gt; 807,186
803,732 -&gt; 684,851
935,946 -&gt; 573,946
818,904 -&gt; 724,904
663,500 -&gt; 291,872
871,327 -&gt; 958,327
791,919 -&gt; 791,895
635,112 -&gt; 635,813
381,730 -&gt; 585,934
256,759 -&gt; 256,364
530,316 -&gt; 330,316
30,931 -&gt; 744,217
771,921 -&gt; 771,445
169,132 -&gt; 169,77
431,326 -&gt; 91,326
674,537 -&gt; 525,537
598,150 -&gt; 249,150
902,974 -&gt; 902,893
847,52 -&gt; 71,52
944,330 -&gt; 944,861
785,440 -&gt; 785,716
747,200 -&gt; 122,200
90,347 -&gt; 90,270
705,986 -&gt; 192,986
59,822 -&gt; 59,502
554,196 -&gt; 670,196
299,450 -&gt; 299,555
285,793 -&gt; 186,793
418,608 -&gt; 418,297
928,183 -&gt; 924,183
384,950 -&gt; 384,265
979,61 -&gt; 51,989
695,409 -&gt; 695,797
976,988 -&gt; 13,25
777,428 -&gt; 777,558
199,983 -&gt; 199,898
130,677 -&gt; 130,282
128,975 -&gt; 397,706
957,874 -&gt; 358,874
331,121 -&gt; 622,412
630,734 -&gt; 171,734
129,260 -&gt; 868,260
297,10 -&gt; 794,507
610,632 -&gt; 610,347
29,17 -&gt; 989,977
220,663 -&gt; 882,663
62,697 -&gt; 62,465
906,851 -&gt; 906,549
368,485 -&gt; 46,485
20,616 -&gt; 20,638
668,122 -&gt; 953,122
849,140 -&gt; 849,944
29,596 -&gt; 29,859
324,95 -&gt; 468,95
797,428 -&gt; 389,836
258,381 -&gt; 258,411
663,351 -&gt; 73,351
852,436 -&gt; 852,697
474,873 -&gt; 474,53
413,786 -&gt; 413,65
242,40 -&gt; 210,72
173,585 -&gt; 936,585
576,520 -&gt; 576,359
958,376 -&gt; 595,739
478,230 -&gt; 809,230
817,743 -&gt; 841,743
485,658 -&gt; 233,406
937,708 -&gt; 983,662
369,384 -&gt; 340,413
189,277 -&gt; 845,277
298,743 -&gt; 157,743
414,938 -&gt; 317,938
244,869 -&gt; 244,788
280,148 -&gt; 280,818
54,509 -&gt; 146,509
387,579 -&gt; 387,227
692,405 -&gt; 545,405
522,325 -&gt; 547,325
955,334 -&gt; 955,495
575,199 -&gt; 847,199
180,872 -&gt; 917,872
131,816 -&gt; 131,386
153,829 -&gt; 29,829
487,869 -&gt; 487,612
983,335 -&gt; 695,623
119,755 -&gt; 25,755
235,266 -&gt; 938,969
710,965 -&gt; 710,803
237,703 -&gt; 472,938
326,900 -&gt; 326,230
750,373 -&gt; 809,373
910,961 -&gt; 910,822
168,669 -&gt; 168,360
437,284 -&gt; 779,626
497,510 -&gt; 245,762
920,130 -&gt; 606,130
326,936 -&gt; 851,411
985,654 -&gt; 985,205
828,345 -&gt; 828,176
810,192 -&gt; 134,192
433,443 -&gt; 956,443
360,215 -&gt; 676,531
684,17 -&gt; 684,419
430,431 -&gt; 636,637
973,127 -&gt; 973,156
68,893 -&gt; 68,754
136,237 -&gt; 541,237
867,799 -&gt; 282,799
686,983 -&gt; 829,983
92,30 -&gt; 94,32
27,25 -&gt; 977,975
947,262 -&gt; 965,280
18,762 -&gt; 294,762
538,99 -&gt; 538,906
822,302 -&gt; 175,949
17,499 -&gt; 145,499
305,567 -&gt; 171,701
592,389 -&gt; 855,126
672,672 -&gt; 312,312
971,859 -&gt; 280,168
67,156 -&gt; 558,156
710,109 -&gt; 521,109
919,831 -&gt; 705,831
573,975 -&gt; 759,975
593,787 -&gt; 82,276
880,169 -&gt; 888,161
111,251 -&gt; 474,251
61,240 -&gt; 61,312
982,698 -&gt; 982,38
916,759 -&gt; 916,318
793,220 -&gt; 947,220
772,655 -&gt; 501,655
924,76 -&gt; 924,449
955,573 -&gt; 794,573
700,226 -&gt; 739,226
86,147 -&gt; 654,147
547,870 -&gt; 159,482
578,813 -&gt; 241,813
120,533 -&gt; 587,533
160,56 -&gt; 872,768
503,142 -&gt; 916,142
709,248 -&gt; 738,219
419,343 -&gt; 374,343
756,489 -&gt; 894,489
412,659 -&gt; 649,659
159,472 -&gt; 105,526
330,332 -&gt; 330,764
432,292 -&gt; 432,11
366,516 -&gt; 524,674
744,937 -&gt; 344,537
371,880 -&gt; 277,880
773,260 -&gt; 836,323
783,109 -&gt; 595,109
414,463 -&gt; 414,699
200,575 -&gt; 155,575
105,743 -&gt; 965,743
611,778 -&gt; 238,405
986,419 -&gt; 902,419
144,186 -&gt; 251,186
398,491 -&gt; 615,491
184,483 -&gt; 251,483
569,932 -&gt; 569,472
300,889 -&gt; 300,16
402,681 -&gt; 614,469
382,771 -&gt; 382,940
469,206 -&gt; 921,658
91,463 -&gt; 91,578
708,168 -&gt; 708,449
38,89 -&gt; 804,855
958,976 -&gt; 11,29
609,764 -&gt; 609,705
139,161 -&gt; 580,602
564,602 -&gt; 564,869
292,257 -&gt; 292,87
237,729 -&gt; 695,271
331,57 -&gt; 909,635
745,256 -&gt; 745,47
504,914 -&gt; 504,811
536,252 -&gt; 650,252
398,765 -&gt; 854,765
366,343 -&gt; 419,396
10,919 -&gt; 909,20
472,729 -&gt; 11,268
931,299 -&gt; 222,299
164,918 -&gt; 404,918
860,77 -&gt; 860,14
739,166 -&gt; 359,166
323,220 -&gt; 989,886
730,693 -&gt; 248,693
106,56 -&gt; 906,856
725,167 -&gt; 725,45
907,290 -&gt; 230,967
308,728 -&gt; 308,340
731,671 -&gt; 731,310
103,706 -&gt; 584,706
819,42 -&gt; 178,42
926,983 -&gt; 753,983
985,912 -&gt; 985,299
21,267 -&gt; 477,267
355,582 -&gt; 355,805
57,928 -&gt; 663,928
76,523 -&gt; 76,561
623,479 -&gt; 17,479
15,715 -&gt; 848,715
16,677 -&gt; 671,22
307,231 -&gt; 307,187
539,381 -&gt; 179,21
144,101 -&gt; 226,183
386,487 -&gt; 745,487
979,171 -&gt; 886,171
820,551 -&gt; 820,811
205,970 -&gt; 205,891
828,704 -&gt; 136,704
187,338 -&gt; 76,227
776,160 -&gt; 473,463
989,578 -&gt; 749,818
746,136 -&gt; 746,370
659,964 -&gt; 836,964
533,558 -&gt; 907,558
231,786 -&gt; 231,440
600,636 -&gt; 133,636
746,361 -&gt; 746,968
456,111 -&gt; 679,111
283,638 -&gt; 50,638
865,749 -&gt; 753,637
798,33 -&gt; 219,33
224,447 -&gt; 444,667
941,845 -&gt; 941,762
253,501 -&gt; 152,501
90,287 -&gt; 387,584
508,105 -&gt; 532,105
90,128 -&gt; 90,648
69,442 -&gt; 69,675
872,108 -&gt; 18,962
